cdIntercensal Estimates of the Total Resident Population of States: 
1900 to 1909
(In thousands.  Includes Armed Forces residing in each State)

Source: Population Distribution Branch
        US Bureau of the Census
Release date:  Feb. 1996

The 1900-09 estimates are consistent with those published in
Current Population Reports Series P25-139 issued June 1956.
P25-139 also describes the methodology used to derive the
estimates.

The figures are July 1, estimates for each year.
                     
                      1900     1901     1902     1903     1904    1905

U.S.                76,094   77,585   79,160   80,632   82,165  83,820
Northeast           21,059   21,401   21,815   22,248   22,716  23,214
North Central       26,359   26,722   27,126   27,446   27,830  28,203
South               24,565   25,114   25,599   26,055   26,492  27,003
West                 4,112    4,351    4,620    4,882    5,127   5,398

AL                   1,830    1,907    1,935    1,957    1,978   2,012
AR                   1,314    1,341    1,360    1,384    1,419   1,447
AZ                     124      131      138      144      151     158
CA                   1,490    1,550    1,623    1,702    1,792   1,893
CO                     543      581      621      652      659     680
CT                     910      931      952      972      987   1,010
DC                     278      285      290      295      302     308
DE                     185      187      188      190      192     194
FL                     530      544      565      587      599     615
GA                   2,220    2,263    2,305    2,346    2,387   2,427
IA                   2,231    2,227    2,222    2,217    2,212   2,211
ID                     163      176      199      216      229     246
IL                   4,828    4,914    4,992    5,071    5,161   5,241
IN                   2,518    2,541    2,567    2,594    2,614   2,635
KS                   1,473    1,490    1,505    1,498    1,527   1,555
KY                   2,148    2,162    2,177    2,191    2,205   2,220
LA                   1,384    1,412    1,440    1,467    1,495   1,523
MA                   2,788    2,794    2,856    2,924    2,969   3,018
MD                   1,189    1,200    1,210    1,209    1,217   1,237
ME                     695      699      703      709      719     723
MI                   2,423    2,450    2,477    2,505    2,534   2,579
MN                   1,754    1,805    1,862    1,901    1,945   1,981
MO                   3,108    3,128    3,147    3,166    3,185   3,204
MS                   1,553    1,578    1,603    1,628    1,653   1,678
MT                     245      261      270      282      293     305
NC                   1,897    1,926    1,956    1,986    2,017   2,051
ND                     321      346      371      396      421     446
NE                   1,067    1,078    1,089    1,104    1,119   1,129
NH                     412      412      409      394      407     423
NJ                   1,884    1,889    1,917    1,969    2,050   2,151
NM                     196      206      218      229      242     255
NV                      43       45       49       52       56      59
NY                   7,283    7,449    7,612    7,771    7,927   8,084
OH                   4,161    4,216    4,322    4,386    4,458   4,530
OK                     800      916    1,027    1,118    1,200   1,277
OR                     415      434      454      479      504     530
PA                   6,313    6,439    6,567    6,699    6,833   6,970
RI                     430      441      450      460      471     481
SC                   1,342    1,361    1,379    1,397    1,415   1,433
SD                     403      418      431      437      452     461
TN                   2,023    2,041    2,060    2,082    2,086   2,111
TX                   3,055    3,132    3,210    3,291    3,374   3,459
UT                     277      284      292      299      308     316
VA                   1,858    1,887    1,894    1,890    1,889   1,917
VT                     344      347      349      350      353     354
WA                     523      583      651      719      782     842
WI                   2,072    2,109    2,141    2,171    2,202   2,231
WV                     959      972    1,000    1,037    1,064   1,094
WY                      93      100      105      108      111     114

                      1906     1907     1908     1909

U.S.                85,437   87,000   88,709   90,492
Northeast           23,769   24,320   24,879   25,440
North Central       28,524   28,868   29,187   29,530
South               27,475   27,879   28,406   28,963
West                 5,671    5,934    6,234    6,557

AL                   2,045    2,058    2,070    2,108
AR                   1,465    1,484    1,513    1,545
AZ                     167      176      186      196
CA                   1,976    2,054    2,161    2,282
CO                     707      733      757      775
CT                   1,033    1,057    1,077    1,097
DC                     313      317      321      327
DE                     196      197      199      201
FL                     628      645      684      724
GA                   2,466    2,505    2,543    2,580
IA                   2,214    2,217    2,220    2,223
ID                     262      277      291      311
IL                   5,309    5,384    5,474    5,567
IN                   2,663    2,679    2,677    2,678
KS                   1,576    1,612    1,629    1,658
KY                   2,234    2,249    2,263    2,278
LA                   1,551    1,579    1,607    1,634
MA                   3,107    3,183    3,251    3,316
MD                   1,251    1,257    1,269    1,289
ME                     729      731      735      740
MI                   2,626    2,693    2,722    2,771
MN                   1,987    1,995    2,020    2,051
MO                   3,223    3,242    3,260    3,279
MS                   1,703    1,728    1,753    1,777
MT                     322      332      346      363
NC                   2,077    2,105    2,142    2,174
ND                     474      501      528      555
NE                   1,138    1,149    1,161    1,177
NH                     415      423      428      431
NJ                   2,239    2,314    2,403    2,487
NM                     269      283      298      314
NV                      64       68       73       78
NY                   8,289    8,499    8,714    8,935
OH                   4,587    4,630    4,677    4,701
OK                   1,349    1,414    1,498    1,585
OR                     555      580      610      643
PA                   7,110    7,253    7,398    7,546
RI                     492      505      519      532
SC                   1,451    1,468    1,485    1,502
SD                     477      498      527      553
TN                   2,136    2,136    2,164    2,177
TX                   3,546    3,636    3,727    3,821
UT                     327      339      351      363
VA                   1,942    1,952    1,994    2,038
VT                     355      355      354      356
WA                     904      967    1,028    1,091
WI                   2,250    2,268    2,292    2,317
WV                   1,122    1,149    1,174    1,203
WY                     118      125      133      141
