Intercensal Estimates of the Total Resident Population of States:
1950 to 1960.  (in thousands)


Source: Population Distribution Branch
        US Bureau of the Census
Release date:  Apr. 1995

The 1950-60 estimates are consistent with those published in
Current Population Reports Series P25-304 issued 4/65.
P25-304 also describes the methodology used to derive the
estimates.


               April 1,
                   1950 July 1,  July 1,  July 1, July 1,  July 1,
               (census)    1950     1951     1952    1953     1954

U.S.            151,326 151,868  153,982  156,393 158,956  161,884

REGIONS:
Northeast        39,478  39,559   39,644   40,178  41,045   41,823
North Central    44,461  44,632   45,053   45,673  46,436   47,515
South            47,197  47,347   48,321   48,840  48,927   49,266
West             20,190  20,331   20,964   21,701  22,548   23,278

STATES:
AL                3,062   3,058    3,059    3,068   3,053    3,014
AK                  129     135      158      189     205      215
AZ                  750     756      785      842     894      933
AR                1,910   1,908    1,901    1,838   1,780    1,734
CA               10,586  10,677   11,134   11,635  12,251   12,746
CO                1,325   1,325    1,326    1,365   1,431    1,493
CT                2,007   2,016    2,028    2,081   2,168    2,249
DE                  318     321      331      341     351      368
DC                  802     806      808      805     810      791
FL                2,771   2,810    2,980    3,157   3,310    3,505
GA                3,445   3,458    3,531    3,584   3,558    3,602
HI                  500     498      514      517     510      505
ID                  589     590      589      587     596      600
IL                8,712   8,738    8,790    8,956   9,065    9,252
IN                3,934   3,967    4,096    4,148   4,182    4,264
IA                2,621   2,625    2,617    2,626   2,629    2,626
KS                1,905   1,916    1,950    1,977   1,994    2,042
KY                2,945   2,936    2,941    2,920   2,903    2,902
LA                2,684   2,697    2,769    2,842   2,866    2,883
ME                  914     917      916      915     913      927
MD                2,343   2,355    2,441    2,500   2,567    2,685
MA                4,691   4,686    4,654    4,650   4,806    4,910
MI                6,372   6,407    6,497    6,650   6,822    7,066
MN                2,982   2,997    3,010    3,030   3,050    3,113
MS                2,179   2,176    2,163    2,152   2,105    2,064
MO                3,955   3,964    4,015    3,972   4,020    4,066
MT                  591     593      596      602     616      624
NE                1,326   1,327    1,316    1,311   1,318    1,340
NV                  160     162      168      181     195      213
NH                  533     532      529      535     547      554
NJ                4,835   4,872    5,006    5,125   5,229    5,360
NM                  681     689      717      735     756      763
NY               14,830  14,865   14,890   15,192  15,527   15,814
NC                4,062   4,068    4,120    4,109   4,120    4,131
ND                  620     619      604      608     609      611
OH                7,947   7,980    8,061    8,275   8,591    8,873
OK                2,233   2,229    2,210    2,219   2,182    2,209
OR                1,521   1,532    1,556    1,582   1,601    1,626
PA               10,498  10,507   10,461   10,503  10,662   10,817
RI                  792     786      784      802     815      816
SC                2,117   2,113    2,167    2,178   2,181    2,176
SD                  653     655      655      651     648      655
TN                3,292   3,315    3,372    3,352   3,319    3,359
TX                7,711   7,776    8,111    8,314   8,336    8,382
UT                  689     696      706      724     739      750
VT                  378     379      378      375     379      377
VA                3,319   3,315    3,434    3,504   3,557    3,555
WA                2,379   2,387    2,424    2,448   2,466    2,516
WV                2,006   2,006    1,984    1,957   1,929    1,905
WI                3,435   3,438    3,439    3,469   3,506    3,608
WY                  291     290      291      293     290      293

                                                          April 1,
                July 1, July 1,  July 1,  July 1, July 1,     1960
                   1955    1956     1957     1958    1959 (census)

U.S.            165,069 168,088  171,187  174,149 177,135  179,323

REGIONS:
Northeast        42,278  42,628   43,095   43,766  44,371   44,678
North Central    48,511  49,309   49,946   50,572  51,124   51,619
South            50,224  51,151   52,287   53,123  54,077   54,973
West             24,056  25,001   25,859   26,687  27,563   28,053

STATES:
AL                3,050   3,071    3,109    3,163   3,204    3,267
AK                  222     224      231      224     224      226
AZ                  987   1,053    1,125    1,193   1,261    1,302
AR                1,725   1,704    1,733    1,726   1,756    1,786
CA               13,133  13,713   14,264   14,880  15,467   15,717
CO                1,546   1,625    1,664    1,667   1,710    1,754
CT                2,300   2,316    2,359    2,446   2,523    2,535
DE                  389     408      426      433     441      446
DC                  785     759      763      757     761      764
FL                3,747   4,047    4,372    4,630   4,808    4,952
GA                3,636   3,701    3,766    3,804   3,868    3,943
HI                  539     559      584      605     622      633
ID                  618     628      642      646     657      667
IL                9,435   9,530    9,668    9,886   9,986   10,081
IN                4,363   4,458    4,529    4,583   4,613    4,662
IA                2,679   2,703    2,716    2,708   2,729    2,758
KS                2,093   2,119    2,128    2,142   2,160    2,179
KY                2,910   2,898    2,928    2,961   2,999    3,038
LA                2,946   3,032    3,115    3,155   3,208    3,257
ME                  934     938      943      944     957      969
MD                2,742   2,811    2,873    2,982   3,066    3,101
MA                4,882   4,891    4,929    5,010   5,117    5,149
MI                7,285   7,467    7,569    7,667   7,767    7,823
MN                3,172   3,240    3,274    3,313   3,366    3,414
MS                2,060   2,086    2,088    2,086   2,138    2,178
MO                4,134   4,163    4,189    4,186   4,258    4,320
MT                  636     656      667      666     669      675
NE                1,374   1,397    1,394    1,383   1,397    1,411
NV                  237     250      260      269     279      285
NH                  557     566      572      581     596      607
NJ                5,502   5,615    5,737    5,890   6,015    6,067
NM                  785     806      847      886     919      951
NY               15,966  16,112   16,374   16,601  16,685   16,782
NC                4,242   4,309    4,368    4,376   4,458    4,556
ND                  615     613      612      606     618      632
OH                9,017   9,207    9,410    9,599   9,671    9,706
OK                2,250   2,273    2,282    2,267   2,289    2,328
OR                1,659   1,698    1,712    1,718   1,746    1,769
PA               10,939  10,972   10,954   11,058  11,234   11,319
RI                  823     840      851      858     857      859
SC                2,200   2,229    2,274    2,304   2,348    2,383
SD                  663     670      666      656     667      681
TN                3,415   3,415    3,434    3,471   3,522    3,567
TX                8,660   8,830    9,070    9,252   9,405    9,580
UT                  783     809      826      845     870      891
VT                  375     377      376      380     387      390
VA                3,588   3,722    3,844    3,914   3,951    3,967
WA                2,604   2,668    2,724    2,773   2,821    2,853
WV                1,880   1,857    1,843    1,845   1,855    1,860
WI                3,679   3,742    3,791    3,843   3,891    3,952
WY                  307     312      314      315     320      330


