Intercensal Estimates of the Total Resident Population of States:
1930 to 1939
(In thousands.  Includes Armed Forces residing in each State)

Source: Population Distribution Branch
        US Bureau of the Census
Release date:  Feb. 1996

The 1930-39 estimates are consistent with those published in
Current Population Reports Series P25-139 issued June 1956.
P25-139 also describes the methodology used to derive the
estimates.

The figures are July 1, estimates for each year.

                      1930     1931     1932     1933     1934    1935

U.S.               123,077  124,040  124,840  125,579  126,374 127,250
Northeast           34,539   34,868   35,105   35,271   35,433  35,595
North Central       38,667   38,872   39,053   39,199   39,287  39,454
South               37,920   38,176   38,456   38,780   39,162  39,516
West                11,949   12,122   12,225   12,330   12,490  12,686

AL                   2,647    2,649    2,653    2,661    2,685   2,719
AZ                     434      429      426      426      428     434
AR                   1,859    1,848    1,836    1,854    1,878   1,890
CA                   5,711    5,824    5,894    5,963    6,060   6,175
CO                   1,040    1,056    1,066    1,071    1,075   1,078
CT                   1,613    1,628    1,637    1,642    1,650   1,666
DE                     239      242      245      248      250     252
DC                     488      504      513      529      568     608
FL                   1,471    1,493    1,521    1,552    1,585   1,613
GA                   2,910    2,924    2,935    2,950    2,964   2,955
ID                     447      454      459      464      473     481
IL                   7,644    7,687    7,736    7,768    7,772   7,797
IN                   3,242    3,257    3,281    3,304    3,319   3,332
IA                   2,475    2,482    2,489    2,495    2,510   2,524
KS                   1,883    1,881    1,883    1,877    1,868   1,872
KY                   2,623    2,652    2,676    2,698    2,722   2,748
LA                   2,105    2,124    2,155    2,178    2,202   2,228
ME                     800      807      815      821      829     836
MD                   1,636    1,657    1,678    1,694    1,710   1,729
MA                   4,250    4,248    4,259    4,282    4,305   4,343
MI                   4,834    4,798    4,780    4,780    4,798   4,838
MN                   2,576    2,614    2,646    2,673    2,695   2,717
MS                   2,006    1,994    2,004    2,031    2,050   2,061
MO                   3,646    3,711    3,746    3,773    3,784   3,798
MT                     539      540      540      541      545     550
NE                   1,380    1,384    1,386    1,385    1,382   1,375
NV                      92       94       96       96       98     100
NH                     466      470      474      477      480     481
NJ                   4,068    4,120    4,120    4,107    4,089   4,085
NM                     427      436      441      449      461     475
NY                  12,647   12,848   13,001   13,126   13,253  13,375
NC                   3,167    3,184    3,227    3,268    3,304   3,323
ND                     682      680      676      674      672     670
OH                   6,662    6,694    6,717    6,740    6,751   6,787
OK                   2,401    2,403    2,394    2,392    2,391   2,386
OR                     956      966      972      978      985   1,001
PA                   9,649    9,707    9,764    9,784    9,795   9,774
RI                     686      681      677      675      675     678
SC                   1,745    1,753    1,748    1,752    1,760   1,769
SD                     693      694      692      690      682     674
TN                   2,619    2,657    2,711    2,747    2,784   2,798
TX                   5,844    5,907    5,961    6,014    6,053   6,123
UT                     509      513      517      520      522     526
VT                     360      359      358      357      357     357
VA                   2,427    2,445    2,452    2,460    2,485   2,520
WA                   1,568    1,581    1,584    1,592    1,610   1,629
WV                   1,733    1,740    1,747    1,752    1,771   1,794
WI                   2,950    2,990    3,021    3,040    3,054   3,070
WY                     226      229      230      230      233     237


                      1936     1937     1938     1939

U.S.               128,053  128,825  129,825  130,880
Northeast           35,723   35,798   35,991   35,991
North Central       39,561   39,640   39,735   39,961
South               39,812   40,131   40,636   41,250
West                12,958   13,253   13,463   13,682

AL                   2,743    2,762    2,787    2,814
AZ                     443      453      466      484
AR                   1,892    1,903    1,928    1,948
CA                   6,341    6,528    6,656    6,785
CO                   1,090    1,104    1,112    1,120
CT                   1,672    1,678    1,684    1,696
DE                     253      254      257      263
DC                     629      616      638      658
FL                   1,651    1,709    1,771    1,836
GA                   2,978    3,037    3,091    3,120
ID                     495      507      513      521
IL                   7,840    7,857    7,866    7,890
IN                   3,348    3,374    3,386    3,403
IA                   2,509    2,498    2,494    2,520
KS                   1,869    1,856    1,842    1,824
KY                   2,768    2,784    2,800    2,825
LA                   2,246    2,257    2,285    2,334
ME                     840      842      843      846
MD                   1,745    1,754    1,766    1,793
MA                   4,355    4,358    4,365    4,347
MI                   4,889    4,968    5,056    5,156
MN                   2,734    2,746    2,753    2,771
MS                   2,072    2,086    2,127    2,168
MO                   3,801    3,794    3,781    3,783
MT                     554      554      552      555
NE                   1,358    1,339    1,326    1,318
NV                     101      103      105      107
NH                     481      481      485      490
NJ                   4,084    4,088    4,100    4,129
NM                     489      503      513      523
NY                  13,481   13,511   13,512   13,523
NC                   3,346    3,385    3,440    3,514
ND                     664      655      647      644
OH                   6,801    6,809    6,837    6,886
OK                   2,365    2,334    2,324    2,333
OR                   1,025    1,048    1,067    1,081
PA                   9,767    9,790    9,952    9,901
RI                     686      694      694      701
SC                   1,781    1,802    1,834    1,872
SD                     666      656      649      645
TN                   2,791    2,795    2,821    2,874
TX                   6,192    6,250    6,301    6,360
UT                     527      529      535      543
VT                     357      356      356      358
VA                   2,552    2,590    2,638    2,670
WA                   1,653    1,681    1,698    1,715
WV                   1,808    1,813    1,828    1,868
WI                   3,082    3,088    3,098    3,121
WY                     240      243      246      248
