Intercensal Estimates of the Total Resident Population of States:  
1960 to 1970
(In thousands)

Source:  Population Distribution Branch
         US Bureau of the Census
Release date:  Aug. 1996

The 1960-70 estimates are consistent with those published in
Current Population Reports Series P-25, No. 460.  P-25 No. 460
also describes the methodology used to derive the estimates.
To obtain a copy call (301)457-2422.



             April 1,  July 1,  July 1,  July 1,  July 1,  July 1,
                 1960     1960     1961     1962     1963     1964

U.S.          179,323  179,975  182,973  185,738  188,438  191,085
Northeast      44,678   44,802   45,384   45,833   46,402   46,953
Midwest        51,619   51,715   52,185   52,583   53,073   53,655
South          54,973   55,174   56,158   57,179   58,008   58,853
West           28,053   28,284   29,246   30,142   30,955   31,624

AL              3,267    3,274    3,316    3,323    3,358    3,395
AK                226      229      238      246      256      263
AZ              1,302    1,321    1,407    1,471    1,521    1,556
AR              1,786    1,789    1,806    1,853    1,875    1,897
CA             15,717   15,870   16,497   17,072   17,668   18,151
CO              1,754    1,769    1,844    1,899    1,936    1,970
CT              2,535    2,544    2,586    2,647    2,727    2,798
DE                446      449      461      469      483      497
DC                764      765      778      788      798      798
FL              4,952    5,004    5,243    5,458    5,628    5,781
GA              3,943    3,956    4,015    4,086    4,172    4,258
HI                633      642      659      684      682      700
ID                667      671      684      692      683      680
IL             10,081   10,086   10,130   10,280   10,402   10,580
IN              4,662    4,674    4,730    4,736    4,799    4,856
IA              2,758    2,756    2,756    2,750    2,747    2,746
KS              2,179    2,183    2,215    2,231    2,217    2,209
KY              3,038    3,041    3,054    3,079    3,096    3,129
LA              3,257    3,260    3,287    3,345    3,377    3,446
ME                969      975      995      994      993      993
MD              3,101    3,113    3,176    3,263    3,386    3,492
MA              5,149    5,160    5,219    5,263    5,344    5,448
MI              7,823    7,834    7,893    7,933    8,058    8,187
MN              3,414    3,425    3,470    3,513    3,531    3,558
MS              2,178    2,182    2,206    2,243    2,244    2,241
MO              4,320    4,326    4,349    4,357    4,392    4,442
MT                675      679      696      698      703      706
NE              1,411    1,417    1,446    1,464    1,476    1,482
NV                285      291      315      352      397      426
NH                607      609      618      632      649      663
NJ              6,067    6,103    6,265    6,376    6,531    6,660
NM                951      954      965      979      989    1,006
NY             16,782   16,838   17,061   17,301   17,461   17,589
NC              4,556    4,573    4,663    4,707    4,742    4,802
ND                632      634      641      637      644      649
OH              9,706    9,734    9,854    9,929    9,986   10,080
OK              2,328    2,336    2,380    2,427    2,439    2,446
OR              1,769    1,772    1,787    1,818    1,853    1,888
PA             11,319   11,329   11,392   11,355   11,424   11,519
RI                859      855      858      871      876      885
SC              2,383    2,392    2,409    2,423    2,460    2,475
SD                681      683      693      705      708      701
TN              3,567    3,575    3,622    3,673    3,718    3,771
TX              9,580    9,624    9,820   10,053   10,159   10,270
UT                891      900      936      958      974      978
VT                390      389      390      393      397      399
VA              3,967    3,986    4,095    4,180    4,276    4,357
WA              2,853    2,855    2,882    2,942    2,955    2,961
WV              1,860    1,853    1,828    1,809    1,796    1,797
WI              3,952    3,962    4,009    4,049    4,112    4,165
WY                330      331      337      333      336      339


              July 1,  July 1,  July 1,  July 1,  July 1, April 1,
                 1965     1966     1967     1968     1969     1970

U.S.          193,460  195,501  197,374  199,312  201,306  203,185
Northeast      47,451   47,788   48,106   48,435   48,678   49,000
Midwest        54,225   54,840   55,289   55,692   56,106   56,577
South          59,579   60,205   60,771   61,489   62,190   62,798
West           32,205   32,667   33,207   33,696   34,332   34,809

AL              3,443    3,464    3,458    3,446    3,440    3,444
AK                271      271      278      285      296      302
AZ              1,584    1,614    1,646    1,682    1,737    1,772
AR              1,894    1,899    1,901    1,902    1,913    1,923
CA             18,585   18,858   19,176   19,394   19,711   19,953
CO              1,985    2,007    2,053    2,120    2,166    2,207
CT              2,857    2,903    2,935    2,964    3,000    3,032
DE                507      516      525      534      540      548
DC                797      791      791      778      762      757
FL              5,954    6,104    6,242    6,433    6,641    6,789
GA              4,332    4,379    4,408    4,482    4,551    4,590
HI                704      710      723      734      750      770
ID                686      689      688      695      707      713
IL             10,693   10,836   10,947   10,995   11,039   11,114
IN              4,922    4,999    5,053    5,093    5,143    5,194
IA              2,742    2,762    2,793    2,803    2,805    2,825
KS              2,206    2,200    2,197    2,216    2,236    2,249
KY              3,140    3,147    3,172    3,195    3,198    3,219
LA              3,496    3,550    3,581    3,603    3,619    3,643
ME                997      999    1,004      994      992      994
MD              3,600    3,695    3,757    3,815    3,868    3,922
MA              5,502    5,535    5,594    5,618    5,650    5,689
MI              8,357    8,512    8,630    8,696    8,781    8,875
MN              3,592    3,617    3,659    3,703    3,758    3,805
MS              2,246    2,245    2,228    2,219    2,220    2,217
MO              4,467    4,523    4,539    4,568    4,640    4,677
MT                706      707      701      700      694      694
NE              1,471    1,456    1,457    1,467    1,474    1,484
NV                444      446      449      464      480      489
NH                676      681      697      709      724      738
NJ              6,767    6,851    6,928    7,005    7,095    7,168
NM              1,012    1,007    1,000      994    1,011    1,016
NY             17,734   17,843   17,935   18,051   18,105   18,191
NC              4,863    4,896    4,952    5,004    5,031    5,082
ND                649      647      626      621      621      618
OH             10,201   10,330   10,414   10,516   10,563   10,652
OK              2,440    2,454    2,489    2,503    2,535    2,559
OR              1,937    1,969    1,979    2,004    2,062    2,091
PA             11,620   11,664   11,681   11,741   11,741   11,794
RI                893      899      909      922      932      950
SC              2,494    2,520    2,533    2,559    2,570    2,591
SD                692      683      671      669      668      666
TN              3,798    3,822    3,859    3,878    3,897    3,924
TX             10,378   10,492   10,599   10,819   11,045   11,197
UT                994    1,009    1,019    1,029    1,047    1,059
VT                404      413      423      430      437      445
VA              4,411    4,456    4,508    4,558    4,614    4,648
WA              2,967    3,057    3,174    3,270    3,343    3,409
WV              1,786    1,775    1,769    1,763    1,746    1,744
WI              4,232    4,274    4,303    4,345    4,378    4,418
WY                332      323      322      324      329      332
