Intercensal Estimates of the Total Resident Population of States:
1910 to 1919
(In thousands.  Includes Armed Forces residing in each State)

Source: Population Distribution Branch
        US Bureau of the Census
Release date:  Feb. 1996

The 1910-19 estimates are consistent with those published in
Current Population Reports Series P25-139 issued June 1956.
P25-139 also describes the methodology used to derive the
estimates.

The figures are July 1, estimates for each year.
                     
                      1910     1911     1912     1913     1914    1915

U.S.                92,407   93,868   95,331   97,227   99,118 100,549
Northeast           25,958   26,338   26,746   27,224   27,684  28,049
North Central       30,019   30,385   30,778   31,327   31,914  32,432
South               29,544   30,025   30,457   31,066   31,670  32,051
West                 6,885    7,118    7,351    7,610    7,852   8,016

AL                   2,150    2,185    2,217    2,279    2,336   2,345
AZ                     206      212      217      236      253     263
AR                   1,583    1,610    1,636    1,664    1,688   1,702
CA                   2,406    2,534    2,668    2,811    2,934   3,008
CO                     804      821      832      835      846     868
CT                   1,122    1,149    1,176    1,208    1,233   1,258
DE                     203      207      209      213      216     217
DC                     334      344      340      358      368     361
FL                     756      773      801      828      871     922
GA                   2,618    2,644    2,676    2,733    2,776   2,810
ID                     329      343      359      371      384     394
IL                   5,668    5,757    5,828    5,961    6,109   6,194
IN                   2,713    2,751    2,785    2,824    2,857   2,873
IA                   2,228    2,249    2,279    2,305    2,338   2,366
KS                   1,692    1,684    1,671    1,663    1,662   1,687
KY                   2,299    2,324    2,347    2,374    2,395   2,401
LA                   1,667    1,695    1,709    1,727    1,740   1,755
ME                     745      751      753      763      772     774
MD                   1,302    1,324    1,345    1,368    1,389   1,401
MA                   3,365    3,383    3,440    3,534    3,636   3,705
MI                   2,832    2,916    2,997    3,101    3,183   3,263
MN                   2,086    2,119    2,147    2,190    2,234   2,273
MS                   1,802    1,810    1,817    1,827    1,832   1,826
MO                   3,301    3,317    3,344    3,409    3,467   3,492
MT                     380      397      414      433      452     469
NE                   1,198    1,216    1,232    1,246    1,264   1,272
NV                      82       81       81       82       83      82
NH                     431      432      434      439      442     443
NJ                   2,550    2,610    2,670    2,729    2,789   2,850
NM                     329      334      338      344      348     351
NY                   9,137    9,249    9,361    9,473    9,585   9,700
NC                   2,221    2,276    2,313    2,362    2,421   2,473
ND                     580      584      603      609      620     641
OH                   4,786    4,821    4,893    4,997    5,109   5,251
OK                   1,671    1,714    1,737    1,777    1,824   1,860
OR                     677      692      706      722      736     745
PA                   7,706    7,850    7,986    8,139    8,276   8,362
RI                     545      556      567      578      589     597
SC                   1,523    1,548    1,572    1,599    1,622   1,635
SD                     590      602      592      584      581     585
TN                   2,191    2,197    2,218    2,257    2,289   2,294
TX                   3,922    4,016    4,107    4,207    4,300   4,368
UT                     377      387      399      410      422     430
VT                     357      358      359      361      362     360
VA                   2,071    2,092    2,122    2,176    2,241   2,294
WA                   1,148    1,167    1,184    1,209    1,231   1,239
WV                   1,231    1,266    1,291    1,317    1,362   1,387
WI                   2,345    2,369    2,407    2,438    2,490   2,535
WY                     147      150      153      157      163     167

                      1916     1917     1918     1919

U.S.               101,966  103,266  103,203  104,512
Northeast           28,427   28,814   28,683   29,335
North Central       32,912   33,245   33,966   33,568
South               32,433   32,776   32,975   32,860
West                 8,194    8,432    8,575    8,747

AL                   2,359    2,361    2,343    2,337
AZ                     282      311      320      329
AR                   1,719    1,737    1,749    1,742
CA                   3,071    3,171    3,262    3,339
CO                     892      910      906      938
CT                   1,294    1,327    1,329    1,359
DE                     219      222      220      221
DC                     360      385      418      445
FL                     924      895      865      898
GA                   2,856    2,885    2,941    2,870
ID                     405      413      405      424
IL                   6,274    6,313    6,275    6,392
IN                   2,897    2,910    2,880    2,906
IA                   2,376    2,382    2,351    2,379
KS                   1,727    1,748    1,729    1,756
KY                   2,411    2,421    2,425    2,413
LA                   1,799    1,795    1,746    1,756
ME                     775      777      760      762
MD                   1,415    1,428    1,467    1,445
MA                   3,726    3,738    3,695    3,785
MI                   3,353    3,451    3,499    3,591
MN                   2,308    2,329    2,291    2,346
MS                   1,823    1,820    1,813    1,790
MO                   3,527    3,470    3,325    3,371
MT                     487      505      501      534
NE                   1,275    1,285    1,266    1,290
NV                      82       81       77       77
NH                     445      447      440      443
NJ                   2,918    2,976    3,043    3,136
NM                     354      361      382      362
NY                   9,848    9,993    9,936   10,252
NC                   2,513    2,546    2,522    2,535
ND                     652      661      636      648
OH                   5,366    5,510    5,547    5,683
OK                   1,907    1,960    1,969    2,003
OR                     756      763      763      774
PA                   8,463    8,578    8,524    8,643
RI                     598      606      604      603
SC                   1,650    1,675    1,746    1,687
SD                     595      599      570      606
TN                   2,304    2,331    2,288    2,305
TX                   4,444    4,563    4,666    4,631
UT                     436      444      437      446
VT                     360      372      352      352
VA                   2,316    2,313    2,359    2,318
WA                   1,255    1,287    1,341    1,333
WV                   1,414    1,439    1,438    1,464
WI                   2,562    2,587    2,597    2,600
WY                     174      186      181      191
