Intercensal Estimates of the Total Resident Population of States:
1920 to 1929
(In thousands.  Includes Armed Forces residing in each State)

Source: Population Distribution Branch
        US Bureau of the Census
Release date:  Feb. 1996

The 1920-29 estimates are consistent with those published in
Current Population Reports Series P25-139 issued June 1956.
P25-139 also describes the methodology used to derive the
estimates.

The figures are July 1, estimates for each year.
                    
                      1920     1921     1922     1923     1924    1925

U.S.               106,466  108,541  110,055  111,950  114,113 115,832
Northeast           29,674   30,187   30,619   31,128   31,761  32,274
North Central       34,373   35,005   35,414   35,971   36,571  37,039
South               33,357   33,947   34,366   34,837   35,383  35,842
West                 9,059    9,401    9,655   10,014   10,402  10,674

AL                   2,359    2,402    2,434    2,464    2,501   2,534
AZ                     340      351      360      371      382     393
AR                   1,756    1,769    1,772    1,784    1,800   1,812
CA                   3,554    3,795    3,991    4,270    4,541   4,730
CO                     937      961      965      984    1,014   1,019
CT                   1,391    1,415    1,431    1,455    1,481   1,506
DE                     219      216      214      215      219     222
DC                     440      446      450      453      456     461
FL                     962      997    1,044    1,097    1,160   1,264
GA                   2,926    2,965    2,965    2,954    2,920   2,883
ID                     433      435      436      436      434     436
IL                   6,663    6,858    6,958    7,068    7,215   7,306
IN                   2,947    2,976    2,965    3,042    3,086   3,119
IA                   2,400    2,407    2,428    2,425    2,420   2,427
KS                   1,769    1,779    1,799    1,808    1,807   1,825
KY                   2,421    2,436    2,450    2,480    2,531   2,520
LA                   1,813    1,847    1,871    1,903    1,939   1,972
ME                     771      775      778      781      788     792
MD                   1,464    1,492    1,509    1,521    1,537   1,556
MA                   3,882    3,951    4,010    4,057    4,102   4,154
MI                   3,723    3,872    3,942    4,063    4,214   4,331
MN                   2,403    2,434    2,451    2,487    2,521   2,540
MS                   1,800    1,823    1,836    1,858    1,886   1,910
MO                   3,404    3,429    3,437    3,454    3,508   3,526
MT                     543      546      543      538      538     535
NE                   1,300    1,309    1,312    1,321    1,333   1,343
NV                      78       80       81       82       84      85
NH                     444      449      451      453      457     459
NJ                   3,198    3,297    3,380    3,472    3,573   3,664
NM                     363      370      375      382      390     396
NY                  10,282   10,416   10,589   10,752   10,953  11,186
NC                   2,588    2,651    2,700    2,761    2,830   2,895
ND                     646      646      647      648      642     643
OH                   5,799    5,921    6,054    6,183    6,319   6,434
OK                   2,055    2,108    2,140    2,159    2,179   2,216
OR                     788      798      814      833      856     883
PA                   8,740    8,900    8,982    9,148    9,383   9,478
RI                     613      629      644      656      669     680
SC                   1,685    1,693    1,692    1,699    1,710   1,718
SD                     640      652      660      669      673     682
TN                   2,329    2,369    2,424    2,463    2,502   2,531
TX                   4,723    4,853    4,955    5,077    5,210   5,332
UT                     453      457      467      474      481     487
VT                     353      355      354      354      355     355
VA                   2,347    2,395    2,412    2,423    2,426   2,423
WA                   1,373    1,405    1,415    1,433    1,467   1,494
WV                   1,470    1,485    1,498    1,526    1,577   1,593
WI                   2,679    2,722    2,761    2,803    2,833   2,863
WY                     197      203      208      211      215     216

                      1926     1927     1928     1929

U.S.               117,399  119,038  120,501  121,770
Northeast           32,627   32,886   33,464   34,013
North Central       37,461   37,937   38,198   38,447
South               36,374   36,972   37,352   37,626
West                10,942   11,243   11,486   11,683

AL                   2,567    2,609    2,640    2,644
AZ                     403      414      422      430
AR                   1,826    1,840    1,847    1,852
CA                   4,929    5,147    5,344    5,531
CO                   1,016    1,028    1,014    1,008
CT                   1,531    1,557    1,577    1,594
DE                     225      229      233      236
DC                     469      476      479      483
FL                   1,368    1,418    1,433    1,445
GA                   2,869    2,891    2,903    2,903
ID                     441      447      449      447
IL                   7,395    7,519    7,576    7,606
IN                   3,148    3,191    3,212    3,226
IA                   2,432    2,441    2,450    2,460
KS                   1,836    1,836    1,850    1,867
KY                   2,545    2,551    2,567    2,606
LA                   2,005    2,039    2,064    2,086
ME                     793      796      797      797
MD                   1,576    1,599    1,610    1,621
MA                   4,194    4,223    4,217    4,229
MI                   4,451    4,589    4,665    4,795
MN                   2,560    2,588    2,592    2,572
MS                   1,935    1,962    1,981    1,998
MO                   3,556    3,576    3,601    3,622
MT                     531      527      541      524
NE                   1,353    1,365    1,371    1,375
NV                      87       88       89       90
NH                     463      466      468      467
NJ                   3,758    3,891    3,968    3,989
NM                     403      410      416      420
NY                  11,257   11,174   11,599   12,171
NC                   2,959    3,027    3,082    3,133
ND                     651      657      665      674
OH                   6,504    6,577    6,608    6,626
OK                   2,256    2,306    2,344    2,372
OR                     905      925      936      947
PA                   9,594    9,745    9,802    9,723
RI                     681      677      678      684
SC                   1,726    1,736    1,739    1,739
SD                     683      682      685      690
TN                   2,553    2,608    2,624    2,604
TX                   5,453    5,577    5,675    5,762
UT                     494      500      504      508
VT                     356      357      358      359
VA                   2,419    2,433    2,435    2,425
WA                   1,516    1,538    1,551    1,555
WV                   1,623    1,671    1,696    1,717
WI                   2,892    2,916    2,923    2,934
WY                     217      219      220      223
